43 71 64 76 91
95 178 137 173 158
48 96 101 123 118
95 151 45 123 91
62 145 160 200 192
====================
92 77 161 98 129
92 79 211 183 161
13 29 89 68 69
79 100 162 94 130
85 44 120 179 83
====================
110 95 64 152 92
58 152 108 136 108
132 208 105 195 153
126 221 137 216 169
107 106 50 105 74
====================
122 81 135 73 169
97 31 76 54 88
152 66 141 77 138
92 29 76 43 74
72 101 139 26 155
====================
223 241 112 149 150
130 202 128 126 132
168 243 92 160 152
81 177 69 113 118
107 194 148 117 94
====================
134 93 103 54 89
77 41 36 42 3
250 152 176 106 152
175 125 117 80 88
275 203 207 111 177
====================
126 74 46 90 112
278 234 130 176 260
223 196 100 159 201
159 109 86 138 157
104 86 56 83 100
====================
52 68 61 25 36
109 149 159 97 132
164 160 200 85 104
99 152 154 53 74
124 130 133 65 88
====================
157 85 123 203 148
158 46 154 188 177
190 76 161 240 201
122 47 140 137 123
143 54 93 143 123
====================
200 83 186 97 250
176 71 146 103 213
72 31 101 46 97
112 54 111 58 148
75 30 93 38 91
====================
155 120 165 56 117
65 55 43 2 57
85 22 99 56 50
146 145 130 4 120
257 160 271 118 174
====================
53 81 80 63 64
142 97 176 87 75
173 109 270 190 188
188 134 270 148 159
139 99 217 128 136
====================
75 49 67 90 72
152 124 131 126 87
169 133 132 171 159
68 38 39 31 39
150 82 124 178 156
====================
96 165 114 89 165
145 164 130 132 242
132 136 92 64 166
120 122 106 118 178
81 105 95 116 182
====================
245 178 125 221 130
191 115 101 172 131
209 127 118 212 162
170 143 86 155 101
202 120 91 203 143
====================
115 82 74 95 103
182 116 94 94 104
77 55 96 177 116
92 68 71 76 74
172 135 142 201 174
====================
158 140 64 82 105
188 155 135 87 100
154 100 60 16 35
203 175 80 92 117
281 224 121 85 126
====================
84 94 134 122 84
95 99 173 111 125
51 58 75 124 31
125 150 225 231 139
88 97 146 83 101
====================
112 109 40 99 75
97 104 83 130 76
198 182 128 200 97
222 205 126 211 95
157 146 101 162 91
====================
112 97 111 9 95
79 53 116 44 79
168 255 160 75 140
172 168 138 24 128
126 186 108 64 98
====================
206 207 142 131 196
149 115 68 93 131
174 172 130 116 167
72 69 65 41 65
179 161 123 114 164
====================
131 101 98 232 155
109 67 102 155 99
93 76 103 122 88
105 88 81 163 124
168 116 105 235 157
====================
